name		id		uni.ch
eco 3.18	101		1.001
eco 3.18	102		1.008
eco 3.18	103		1.015
eco 3.18	104		1.033
eco 3.18	105		1.040
eco 3.18	106		1.047

rp 405		201		1.024

alien lazer	301		1.065
alien lazer 302		1.075

quad 410	401		1.385
quad 410	402		1.393
quad 410	403		1.401
quad 410	404		1.409
quad 410	405		1.417
quad 410	406		1.425
quad 410	407		1.433
quad 410	408		1.441
quad 410	409		1.449
quad 410	410		1.457
quad 410	411		1.465
quad 410	412		1.473
quad 410	413		1.481
quad 410	414		1.489
quad 410	415		1.497
quad 410	416		1.505
